video_id,video_name,channel_name,comment_id,comment,username,class
nV8UZJNBY6Y,Adele - The Final Carpool Karaoke,The Late Late Show with James Corden,UgyZsdibGzN9GVo8jAd4AaABAg,Beautiful way to put an end to such an iconic format. And now I'm crying too...,Leroy Sanchez,0
nV8UZJNBY6Y,Adele - The Final Carpool Karaoke,The Late Late Show with James Corden,UgyZsdibGzN9GVo8jAd4AaABAg.9ovNlL5V6nN9oyN_08JxN1,[MAIN] Beautiful way to put an end to such an iconic format. And now I'm crying too... [REPLY] 😊,Michael Lilly,0
nV8UZJNBY6Y,Adele - The Final Carpool Karaoke,The Late Late Show with James Corden,UgyZsdibGzN9GVo8jAd4AaABAg.9ovNlL5V6nN9oyMU6msLuo,[MAIN] Beautiful way to put an end to such an iconic format. And now I'm crying too... [REPLY] https://youtube.com/shorts/1zHGtOXkCtQ?feature=share 😅😅😢😮,ZAB,0
nV8UZJNBY6Y,Adele - The Final Carpool Karaoke,The Late Late Show with James Corden,UgyZsdibGzN9GVo8jAd4AaABAg.9ovNlL5V6nN9oyITpf0jv9,[MAIN] Beautiful way to put an end to such an iconic format. And now I'm crying too... [REPLY] but in a cool way!,saralovescoffee,0
nV8UZJNBY6Y,Adele - The Final Carpool Karaoke,The Late Late Show with James Corden,UgyZsdibGzN9GVo8jAd4AaABAg.9ovNlL5V6nN9oy510LuynA,[MAIN] Beautiful way to put an end to such an iconic format. And now I'm crying too... [REPLY] @Tabaxi Khajit  did you reply to the wrong person?,ksc,0
nV8UZJNBY6Y,Adele - The Final Carpool Karaoke,The Late Late Show with James Corden,UgyZsdibGzN9GVo8jAd4AaABAg.9ovNlL5V6nN9oxuGvjWa-g,"[MAIN] Beautiful way to put an end to such an iconic format. And now I'm crying too... [REPLY] Thank you so much for your videos! I had a misfortune, I was diagnosed with ovarian cancer. I also created a channel and am trying to move in that direction, but so far not very successful((k",Cancer Journey,0
nV8UZJNBY6Y,Adele - The Final Carpool Karaoke,The Late Late Show with James Corden,UgyZsdibGzN9GVo8jAd4AaABAg.9ovNlL5V6nN9oxs7g-0Jhd,[MAIN] Beautiful way to put an end to such an iconic format. And now I'm crying too... [REPLY] garbage,Schyler Erskine,0
nV8UZJNBY6Y,Adele - The Final Carpool Karaoke,The Late Late Show with James Corden,UgyZsdibGzN9GVo8jAd4AaABAg.9ovNlL5V6nN9oxf7hOHWng,[MAIN] Beautiful way to put an end to such an iconic format. And now I'm crying too... [REPLY] licherally😭😭,guadalupe corona,0
nV8UZJNBY6Y,Adele - The Final Carpool Karaoke,The Late Late Show with James Corden,UgyZsdibGzN9GVo8jAd4AaABAg.9ovNlL5V6nN9oxeuLLp-So,[MAIN] Beautiful way to put an end to such an iconic format. And now I'm crying too... [REPLY] @Merri Barlow that's one way to dodge the bullet 😂,Etong Santoz,0
nV8UZJNBY6Y,Adele - The Final Carpool Karaoke,The Late Late Show with James Corden,Ugx4OeSvmnB4GRW2JqR4AaABAg,"I was not expecting this at all. Friendship, memories, introspection, laughter, tears. What an incredible last Carpool Karaoke.",kitskivich,0
nV8UZJNBY6Y,Adele - The Final Carpool Karaoke,The Late Late Show with James Corden,UgzJBhqIoSuN0_ZXz-R4AaABAg,"I thought they were close, but I didn’t know how close. Their friendship seems so wholesome. I’ve been an on-and-off viewer of this channel, and James always came out with interesting things to do with his guests. Good luck to you, James as you go back to Britain. I’m sure we’ll see you again on screen, just somewhere else.",myyum.h,0
nV8UZJNBY6Y,Adele - The Final Carpool Karaoke,The Late Late Show with James Corden,UgyeWj6zhWYiNHPGdEF4AaABAg,"I cried quite a lot in this one. It was so nice to see James in the passenger seat and have Adele interview him. I never knew she wrote a song about him. Her saying ""I'm not ready to go back or I'd come with you"" just broke me. Thanks for the past 8 years and all the happiness you have given us over the years. Wishing you all the best 😁",Leia Branagh,0
nV8UZJNBY6Y,Adele - The Final Carpool Karaoke,The Late Late Show with James Corden,UgyeWj6zhWYiNHPGdEF4AaABAg.9oxKPCP3Z8n9oxyEVZ27jZ,"[MAIN] I cried quite a lot in this one. It was so nice to see James in the passenger seat and have Adele interview him. I never knew she wrote a song about him. Her saying ""I'm not ready to go back or I'd come with you"" just broke me. Thanks for the past 8 years and all the happiness you have given us over the years. Wishing you all the best 😁 [REPLY] paid for you by the offices of james corden",Tonkinese,0
nV8UZJNBY6Y,Adele - The Final Carpool Karaoke,The Late Late Show with James Corden,UgyeWj6zhWYiNHPGdEF4AaABAg.9oxKPCP3Z8n9oxmeQWerXB,"[MAIN] I cried quite a lot in this one. It was so nice to see James in the passenger seat and have Adele interview him. I never knew she wrote a song about him. Her saying ""I'm not ready to go back or I'd come with you"" just broke me. Thanks for the past 8 years and all the happiness you have given us over the years. Wishing you all the best 😁 [REPLY] Me too! oh my goodness such a good car pool!!",Sunwolf,0
nV8UZJNBY6Y,Adele - The Final Carpool Karaoke,The Late Late Show with James Corden,UgyeWj6zhWYiNHPGdEF4AaABAg.9oxKPCP3Z8n9oxgqTR_Z7_,"[MAIN] I cried quite a lot in this one. It was so nice to see James in the passenger seat and have Adele interview him. I never knew she wrote a song about him. Her saying ""I'm not ready to go back or I'd come with you"" just broke me. Thanks for the past 8 years and all the happiness you have given us over the years. Wishing you all the best 😁 [REPLY] https://youtu.be/BeUOn_s2K0U Finally it’s here🤠",Rick Owens,0
nV8UZJNBY6Y,Adele - The Final Carpool Karaoke,The Late Late Show with James Corden,UgypMFQDbl5aqCsuPhJ4AaABAg,"""Im just not ready to come back with you, otherwise I would"". These words I could feel in my soul. It just shows how pure and beautiful their friendship is ❤",Jullia Capybara,0
nV8UZJNBY6Y,Adele - The Final Carpool Karaoke,The Late Late Show with James Corden,UgypMFQDbl5aqCsuPhJ4AaABAg.9oy3Uvh-e-S9oy8aIhg1Iv,"[MAIN] ""Im just not ready to come back with you, otherwise I would"". These words I could feel in my soul. It just shows how pure and beautiful their friendship is ❤ [REPLY] Pure❤",Dzebric M2,0
nV8UZJNBY6Y,Adele - The Final Carpool Karaoke,The Late Late Show with James Corden,UgzQ2X6TEvyt7468-Wl4AaABAg,"Thank you James for all you’ve done! All the laughs, memories and so much more. Couldn’t thank you enough for helping my family through tough times! And thank you to your family for letting us share you for so long!",G,0
nV8UZJNBY6Y,Adele - The Final Carpool Karaoke,The Late Late Show with James Corden,UgzIPiW8J8hj6tVSCbJ4AaABAg,"This was EVERYTHING. Real, honest, fun and talent ❤️❤️",Daniel Cutting,0
nV8UZJNBY6Y,Adele - The Final Carpool Karaoke,The Late Late Show with James Corden,UgzIPiW8J8hj6tVSCbJ4AaABAg.9ovIqNHUJ_l9oxS8jrwEO5,"[MAIN] This was EVERYTHING. Real, honest, fun and talent ❤️❤️ [REPLY] Totally agree",Terry Blend,0
nV8UZJNBY6Y,Adele - The Final Carpool Karaoke,The Late Late Show with James Corden,UgzIPiW8J8hj6tVSCbJ4AaABAg.9ovIqNHUJ_l9oxPy1ROr88,"[MAIN] This was EVERYTHING. Real, honest, fun and talent ❤️❤️ [REPLY] ​@Repent and believe in Jesus Christ You do realise that doing this turns more people away from your religion don't you? 
It comes across as sanctimonious preaching. Why not go out and help people in genuine need in the real world rather than being preachy and spamming comment threads on YouTube from behind your keyboard? 👀",Elena Williams,0
nV8UZJNBY6Y,Adele - The Final Carpool Karaoke,The Late Late Show with James Corden,UgzIPiW8J8hj6tVSCbJ4AaABAg.9ovIqNHUJ_l9oxPgRf8sRE,"[MAIN] This was EVERYTHING. Real, honest, fun and talent ❤️❤️ [REPLY] Hebrews

12:14 Make every effort to live in peace with all men and to be holy; without holiness no one will see the Lord.

Acts

3:19 Repent, then, and turn to God, so that your sins may be wiped out, that times of refreshing may come from the Lord,

James 2:24,26

Ye see then how that by works a man is justified, and not by faith only. For as the body without the spirit is dead, so faith without works is dead also.

John

3:16 'For God so loved the world that he gave his one and only Son, that whoever believes in him shall not perish but have eternal life.
 
3:17 For God did not send his Son into the world to condemn the world, but to save the world through him.

3:19 This is the verdict: Light has come into the world, but men loved darkness instead of light because their deeds were evil.",Josias Lourenço,0
nV8UZJNBY6Y,Adele - The Final Carpool Karaoke,The Late Late Show with James Corden,UgzIPiW8J8hj6tVSCbJ4AaABAg.9ovIqNHUJ_l9oxMn6g7nlM,"[MAIN] This was EVERYTHING. Real, honest, fun and talent ❤️❤️ [REPLY] Do a step over for me and let me kiss that barlhead",Sniper,0
nV8UZJNBY6Y,Adele - The Final Carpool Karaoke,The Late Late Show with James Corden,UgzIPiW8J8hj6tVSCbJ4AaABAg.9ovIqNHUJ_l9ox3x8McFc0,"[MAIN] This was EVERYTHING. Real, honest, fun and talent ❤️❤️ [REPLY] They’re not really driving but other than that i enjoyed this whole carpool karaoke series all the way through",Jayotx,0
nV8UZJNBY6Y,Adele - The Final Carpool Karaoke,The Late Late Show with James Corden,UgzIPiW8J8hj6tVSCbJ4AaABAg.9ovIqNHUJ_l9ovfZZj4v2Z,"[MAIN] This was EVERYTHING. Real, honest, fun and talent ❤️❤️ [REPLY] ​@Mbita Acoustic 😂😊😊😊😊😊",Ana Beatriz,0
nV8UZJNBY6Y,Adele - The Final Carpool Karaoke,The Late Late Show with James Corden,UgzIPiW8J8hj6tVSCbJ4AaABAg.9ovIqNHUJ_l9oveRetST2_,"[MAIN] This was EVERYTHING. Real, honest, fun and talent ❤️❤️ [REPLY] @Repent and believe in Jesus Christ no",Loranvel,0
nV8UZJNBY6Y,Adele - The Final Carpool Karaoke,The Late Late Show with James Corden,UgzIPiW8J8hj6tVSCbJ4AaABAg.9ovIqNHUJ_l9ovYfMjWATV,"[MAIN] This was EVERYTHING. Real, honest, fun and talent ❤️❤️ [REPLY] ​@Kpop life 🫶 😊i😊😊i😊",Danial Herrris,0
nV8UZJNBY6Y,Adele - The Final Carpool Karaoke,The Late Late Show with James Corden,UgzcqSHhiPF0mB6LOeV4AaABAg,I have not cried this hard in a long time. This was so beautiful. The bond these two have is unbreakable 🫶🏻🫶🏻😭😭,Heather H,0
nV8UZJNBY6Y,Adele - The Final Carpool Karaoke,The Late Late Show with James Corden,UgybyrFwvivqlXE9E0h4AaABAg,"I know my comment doesn't mean much in the middle of the tens of thousands of comments, but I just want to say thank you, James, for bringing a bit more laughter into the world, hosting a great show, and being a great person. Having a friend like Adele be the one to sign you off of Carpool Karaoke was the best way it could have been done. She brings out the James Corden, not the show host and those are the greatest moments. It is a beautiful friendship, and a beautiful send off to my personal favorite segment on any show ever. Such a great idea, with such a great team making it the best it could be! Wish you the best of luck on your future endeavors and I can't wait to see what comes next for you!",hold_the_mike,0
nV8UZJNBY6Y,Adele - The Final Carpool Karaoke,The Late Late Show with James Corden,UgwPC6szfgFMfbl-lmt4AaABAg,"I don't find myself commenting on here much, but I have to say this. Thank you James Corden for a million laughs, a million smiles, and truly my favorite talk show. You brought us all so many amazing things and we wish you nothing but the best heading back home.  :,) Godspeed brother.",Jordan Madonna,0
nV8UZJNBY6Y,Adele - The Final Carpool Karaoke,The Late Late Show with James Corden,UgwQVDZdP1CSICU7UNp4AaABAg,"14:00-14:07 is such a pure moment for James just coming to terms with the fact that its all coming to an end.
Beautiful really",Shaun Lisa,0
nV8UZJNBY6Y,Adele - The Final Carpool Karaoke,The Late Late Show with James Corden,Ugwrs_CCPHUK9e4pc_Z4AaABAg,When you are singing don't rain on my parade It threw me back to the '70s when my mother and I sat in the theater and watched funny girl for the very first time! My all-time favorite song my all-time favorite movie. Thank you James for all the laughs over the last 8 years all the tears all the emotions! Adele thank you for being the most beautiful person inside and out and giving us the gift of your voice.,Kiki,0
nV8UZJNBY6Y,Adele - The Final Carpool Karaoke,The Late Late Show with James Corden,Ugz3unjl08HcDi9V9Al4AaABAg,Was a great show! Thanks for all the good vibes :),Sarazar,0
nV8UZJNBY6Y,Adele - The Final Carpool Karaoke,The Late Late Show with James Corden,UgzQucyaTMLn4A2bCcF4AaABAg,"i love how honest and vulnerable they are being together, like this time they made it as a memory for their owns, not just the audience. so real",Linh Nguyễn Khánh,0
nV8UZJNBY6Y,Adele - The Final Carpool Karaoke,The Late Late Show with James Corden,Ugzq9JjmKD4C9oeIU9p4AaABAg,I Drink Wine was insantly my favorite song off Adele's new album. It's crazy to see that she wrote it based off of a conversation that she had with James and her favorite verse that she ever wrote. What a blessing 🙏,Kahlil J,0
nV8UZJNBY6Y,Adele - The Final Carpool Karaoke,The Late Late Show with James Corden,UgwHj0C6djNyIhhZEaV4AaABAg,"I still don't know why James has gotten such intense vitriol over the years, as I find him quite endearing. This was such a special moment for all of us to enjoy. Thank you Adele, and thank you for everything, James!!!! ❤️❤️❤️",Lisa Melroy,0
nV8UZJNBY6Y,Adele - The Final Carpool Karaoke,The Late Late Show with James Corden,UgzkebSqcLlbBmMlpGh4AaABAg,This was powerful. Thank you James for the memories! Adele is literally angel energy ❤,Jolina Ramos,0
nV8UZJNBY6Y,Adele - The Final Carpool Karaoke,The Late Late Show with James Corden,UgwS4C2_sthz3U2-XP54AaABAg,"I absolutely love watching Carpool Karaoke, and Adele's final appearance on the show is definitely one of the best. Her incredible voice, combined with James Corden's hilarious antics, makes for a truly unforgettable experience. From belting out her classic hits like ""Hello"" and ""Someone Like You"" to rapping Nicki Minaj's verse in ""Monster,"" Adele showcases her versatility and infectious personality throughout the segment. And let's not forget about her hilarious stories, including the time she got drunk and accidentally bought a box of doughnuts for her neighbors. This is one car ride I wish I could have been a part of! 🎤🚗",5k Subs With MrBeast Pfp Challange,0
nV8UZJNBY6Y,Adele - The Final Carpool Karaoke,The Late Late Show with James Corden,Ugy5uklOAp_Avbf4Ay14AaABAg,ending this era with an absolute icon. thank you for years of smiles and unforgettable sing-a-longs!! ✨🎤🚗,YouTube,0
nV8UZJNBY6Y,Adele - The Final Carpool Karaoke,The Late Late Show with James Corden,UgzdIH5XN57K92_94a94AaABAg,What a beautiful way to pay tribute to you both and to your friendship. Thank you for sharing it with the world. Your vulnerability shows how real and genuine you both are.,Tonya Griffin,0
nV8UZJNBY6Y,Adele - The Final Carpool Karaoke,The Late Late Show with James Corden,UgxxjkIPFq0U88tsWXp4AaABAg,This was beautiful. To know the inspiration of I Drink Wine has made it even more special!,sacha242,0
nV8UZJNBY6Y,Adele - The Final Carpool Karaoke,The Late Late Show with James Corden,UgyqZP_-u_efA-rkHSJ4AaABAg,"I didn't expect to be so emotional while watching this, I literally cried for the most part of this episode and I'm still in tears right now 😂 

I loved when they shared that moment over the song that Adele wrote about James ❤",JustLeh,0
nV8UZJNBY6Y,Adele - The Final Carpool Karaoke,The Late Late Show with James Corden,UgyJ4aGF5Wt7tsgKE1p4AaABAg,"*SETLIST*
2:06 : Rolling in the deep, 21
8:42 : Love is a game, 30
12:11 : I drink wine, 30
15:42 : Rain on my parade, Cover
18:42 : Hometown glory, 19",Lonely horse,0
nV8UZJNBY6Y,Adele - The Final Carpool Karaoke,The Late Late Show with James Corden,UgwkeLaQe-4atGTHDLd4AaABAg,"I’m just crying so softly. Seeing these two friends say goodbye in such a happy, meaningful way. I’m going to miss this show and all the people in it so much. I honestly have grown to look forward to seeing all if the crew as well.",Jmleeinla,0
nV8UZJNBY6Y,Adele - The Final Carpool Karaoke,The Late Late Show with James Corden,UgxaBOhzcJJ9u3gC1FF4AaABAg,"I would still periodically go back and watch the first Carpool Karaoke he did with her, just because it was one of the best even after all these years. This is the perfect way to cap it all off.",Jullia Capybara,0
nV8UZJNBY6Y,Adele - The Final Carpool Karaoke,The Late Late Show with James Corden,UgwlY5Fydstyxw3s5cx4AaABAg,"""I drink wine"" has always been my favorite song of Adele since the album dropped and it always stayed with me. It's crazy how we see people from the outside and how it is inside. Teared me up when they started talking about how ""i drink wine"" was made for him. Monumental shit right there. 💓💓 
Adele will always have a special place in my heart, such a talented beautiful artist, One of a kind. Good luck to James and his new Journey back home. ❤❤
Much love for these beautiful people. ❤❤",Low Key,0
nV8UZJNBY6Y,Adele - The Final Carpool Karaoke,The Late Late Show with James Corden,UgxYePKsIwplKWBXDY14AaABAg,"No one could ever pull off a carpool kareoke like Cordon, because he has the talent and the voice. He is legendary among the late nights because of his talent and creativity and sweet, sweet voice.",Tabaxi Khajit,0
nV8UZJNBY6Y,Adele - The Final Carpool Karaoke,The Late Late Show with James Corden,UgxhOWyYS5o6kLtozD14AaABAg,This entire series is legendary and filled many people with joy over the years. All the Carpool Karaokes will never be forgotten including this one in particular!,Supist,0
nV8UZJNBY6Y,Adele - The Final Carpool Karaoke,The Late Late Show with James Corden,UgzT-gDikNAEpI0tZsN4AaABAg,One of the most creative bits ever on a late night show. 👏👏👏,Jeff Couch,0
nV8UZJNBY6Y,Adele - The Final Carpool Karaoke,The Late Late Show with James Corden,Ugx6goJw-xk8YjOpSUd4AaABAg,I absolutely love the fact that I used to listen to Adele even before “chasing pavements “ was even on mtv and now she’s so well accomplished and successful absolutely glowing ✨ Shine on little North Star babez ❤💫🌟,Kay Julian,0
0LUkdyINvbc,I Watched Haminations New Video... and it's CRAZY,RobertIDK,UgwVb9jElAzpNA3riOl4AaABAg,"I’m 22 and I look like I’m 16. We going up boys 😎😎😎

Maybe my parents forged my birth certificate or something as a sick prank and I really AM 16 idk",Haminations,0
0LUkdyINvbc,I Watched Haminations New Video... and it's CRAZY,RobertIDK,UgwVb9jElAzpNA3riOl4AaABAg.9ouz3UaFnwR9oyMuOX5C9u,"[MAIN] I’m 22 and I look like I’m 16. We going up boys 😎😎😎

Maybe my parents forged my birth certificate or something as a sick prank and I really AM 16 idk [REPLY] HAM",Bobby beans,0
0LUkdyINvbc,I Watched Haminations New Video... and it's CRAZY,RobertIDK,UgwVb9jElAzpNA3riOl4AaABAg.9ouz3UaFnwR9oyKfwt1YnT,"[MAIN] I’m 22 and I look like I’m 16. We going up boys 😎😎😎

Maybe my parents forged my birth certificate or something as a sick prank and I really AM 16 idk [REPLY] I subscribe!",crizondor,0
0LUkdyINvbc,I Watched Haminations New Video... and it's CRAZY,RobertIDK,UgwVb9jElAzpNA3riOl4AaABAg.9ouz3UaFnwR9oyKdkB50tQ,"[MAIN] I’m 22 and I look like I’m 16. We going up boys 😎😎😎

Maybe my parents forged my birth certificate or something as a sick prank and I really AM 16 idk [REPLY] Video 11 on trending",Jennifer Claudia Lau,0
0LUkdyINvbc,I Watched Haminations New Video... and it's CRAZY,RobertIDK,UgwVb9jElAzpNA3riOl4AaABAg.9ouz3UaFnwR9oyKYGLEqC3,"[MAIN] I’m 22 and I look like I’m 16. We going up boys 😎😎😎

Maybe my parents forged my birth certificate or something as a sick prank and I really AM 16 idk [REPLY] Yo.. you look like a 12 yro! I think i can outgrow your tallness",Shun Jin Xiao,0
0LUkdyINvbc,I Watched Haminations New Video... and it's CRAZY,RobertIDK,UgwVb9jElAzpNA3riOl4AaABAg.9ouz3UaFnwR9oyKGJAtuGZ,"[MAIN] I’m 22 and I look like I’m 16. We going up boys 😎😎😎

Maybe my parents forged my birth certificate or something as a sick prank and I really AM 16 idk [REPLY] aaay you no longer look like your 15… now you look 16",idrewsomethingcool,0
0LUkdyINvbc,I Watched Haminations New Video... and it's CRAZY,RobertIDK,UgwVb9jElAzpNA3riOl4AaABAg.9ouz3UaFnwR9oyJKfMvBlk,"[MAIN] I’m 22 and I look like I’m 16. We going up boys 😎😎😎

Maybe my parents forged my birth certificate or something as a sick prank and I really AM 16 idk [REPLY] Yoo now u can go into a bar to order a beer and stuff",Zembie1,0
0LUkdyINvbc,I Watched Haminations New Video... and it's CRAZY,RobertIDK,UgwVb9jElAzpNA3riOl4AaABAg.9ouz3UaFnwR9oyJ3wgS86h,"[MAIN] I’m 22 and I look like I’m 16. We going up boys 😎😎😎

Maybe my parents forged my birth certificate or something as a sick prank and I really AM 16 idk [REPLY] ​@Earl Monroe Magale stop saying it",S Alhamed,0
0LUkdyINvbc,I Watched Haminations New Video... and it's CRAZY,RobertIDK,UgwVb9jElAzpNA3riOl4AaABAg.9ouz3UaFnwR9oyIaWG1COi,"[MAIN] I’m 22 and I look like I’m 16. We going up boys 😎😎😎

Maybe my parents forged my birth certificate or something as a sick prank and I really AM 16 idk [REPLY] ​@camman eggten why is socks for one subbed to you???",S Alhamed,0
0LUkdyINvbc,I Watched Haminations New Video... and it's CRAZY,RobertIDK,UgzKf3OkBM5_qFIVn_R4AaABAg,"This is Bryson's best video, the fact that everybody was voiced by the real life person is amazing and the animation is just super good.",Snomyy,0
0LUkdyINvbc,I Watched Haminations New Video... and it's CRAZY,RobertIDK,UgxJNW88C8c3REgg7nZ4AaABAg,Imagine how awesome a collab between Haminations and Robert would be!! 👀,zaydenaries,0
0LUkdyINvbc,I Watched Haminations New Video... and it's CRAZY,RobertIDK,Ugzzduh08QNdLrkcldx4AaABAg,As a guy who *LOVES* both the robertidk and hamminations channel I love this series and how he used his actual family to voice act In Bryson’s newest vid…AND THE *SMOOTHNESS OF THE ANIMATION*,Mondy Industries 2,0
0LUkdyINvbc,I Watched Haminations New Video... and it's CRAZY,RobertIDK,UgzNmCEv3hHY1SL_HSN4AaABAg,The mother screaming at the cast part is infact a meme. It was a voice recording from a movie called a Christmas story published in 1983. Thank you for taking the time to read this.,Drake Edgington,0
0LUkdyINvbc,I Watched Haminations New Video... and it's CRAZY,RobertIDK,UgwUby8oLZ145skBhip4AaABAg,I love how you can see the reflection of the video in Robert’s sunglasses. I love just seeing the reflection and seeing how different it was from the least scene we saw. I love it.,P-frog,0
0LUkdyINvbc,I Watched Haminations New Video... and it's CRAZY,RobertIDK,UgxrGAv-KISUuXJMhVF4AaABAg,"As a person that watched the video,i can say that it is really crazy that his brother somehow almost died 18 times.I have hardly ever gotten close to even getting seriously injured and cant even begin to imagine how these even managed to happen",SoapAnimates,0
0LUkdyINvbc,I Watched Haminations New Video... and it's CRAZY,RobertIDK,UgxGX8VGpJvrnBEiD9V4AaABAg,"I honestly love this guy’s content. As a person struggling with depression and family members dropping like flies, these videos make my day 200% better.","Estonia, Fiji, Armenia. Reply the emoji flags tome",0
0LUkdyINvbc,I Watched Haminations New Video... and it's CRAZY,RobertIDK,UgzHMOFWROX3lZy18n14AaABAg,"This man has had hard times and has bounced back better than I could, lot of kudos to you. You make my, and probably others, day so much better thanks for doing this",2W brothers,0
0LUkdyINvbc,I Watched Haminations New Video... and it's CRAZY,RobertIDK,UgzfY8RfyjXqVyusZ454AaABAg,"let’s be honest, haminations gets popular so fast and when robert reacts to his videos, the video gets like over 100k views in less then 5 hours, this should be a series",Jacon,0
0LUkdyINvbc,I Watched Haminations New Video... and it's CRAZY,RobertIDK,UgwhPznhOA-xKkSDhHx4AaABAg,"Robert, I love your videos, and I just want to say thank you for all the content that you give us you post so much it’s unbelievable, we love your videos❤️",MarioAndMeme,0
0LUkdyINvbc,I Watched Haminations New Video... and it's CRAZY,RobertIDK,Ugzqpspo4YHpiQLMLZ94AaABAg,"Haminations always delivers the best content, and his latest video is no exception! The way he tells his stories and animates them is simply incredible. I was glued to my screen the entire time and couldn't believe how engaging and entertaining it was. It's amazing how he can turn everyday experiences into something that is both relatable and hilarious. I'm excited to see what he has in store for us in the future. If you haven't watched it yet, do yourself a favor and check it out! And don't forget to hit that subscribe button to never miss out on any of his awesome content! 🤩👌👍",5k Subs With MrBeast Pfp Challange,0
0LUkdyINvbc,I Watched Haminations New Video... and it's CRAZY,RobertIDK,UgztmfXmOFDihrXBUdd4AaABAg,"Anyone else love RobertIDK's reaction videos? I may not be much of a fan of reaction video, but I LOVE these!!",ℙ𝕝𝕠𝕠𝕞𝕚𝕖,0
0LUkdyINvbc,I Watched Haminations New Video... and it's CRAZY,RobertIDK,Ugw8YuatZ9_F1t9OCwZ4AaABAg,The fact that Robert can respond to the community so quickly and do another Haminations video makes me want to subscribe!,2mp,0
0LUkdyINvbc,I Watched Haminations New Video... and it's CRAZY,RobertIDK,UgzAkSQAk9N8xW7AxaJ4AaABAg,"Congratulations on 1.2 million :D

Also from 18:49 to 19:02
That  part of the video is a reference to a scene from a Christmas movie called A Christmas Story",EliBug,0
0LUkdyINvbc,I Watched Haminations New Video... and it's CRAZY,RobertIDK,Ugyl-UfS9_ba9nRiN_54AaABAg,"Wow, Robert I can’t believe that you keep making these amazing videos, basically every day! You really deserve more attention, I couldn’t possibly imagine the time, and work it takes to make just one of these vids. And here you are over here being a boss making like 5 per week! Keep going Robert, we love you ❤",Domain‏‏‎ ‎,0
0LUkdyINvbc,I Watched Haminations New Video... and it's CRAZY,RobertIDK,UgwLuwCG6ZHM8nvtYSZ4AaABAg,watching Bo's videos after a draining day of work is such a stress relief,saladcry,0
0LUkdyINvbc,I Watched Haminations New Video... and it's CRAZY,RobertIDK,UgycESM4H-NmjuxV1xZ4AaABAg,This is truly the only channel who actually makes reacting to others entertaining,Jeffrey Miller,0
0LUkdyINvbc,I Watched Haminations New Video... and it's CRAZY,RobertIDK,UgyswuLbzZhol9jrm8h4AaABAg,"Bro, thanks to you, I have binge watched every Haminations video and they are AMAZING. I hope to see more of your reactions of this dude!",Oliver O'Hearn,0
0LUkdyINvbc,I Watched Haminations New Video... and it's CRAZY,RobertIDK,UgwHuRlnOJE2uHbJcXh4AaABAg,"The more I see Robert reacting to my other favorite youtubers, the happier I become :)",EMO_FRIEND,0
0LUkdyINvbc,I Watched Haminations New Video... and it's CRAZY,RobertIDK,UgyvUWW1PFbXa99hgNh4AaABAg,This is a really amazing video!,TimeBucks,0
0LUkdyINvbc,I Watched Haminations New Video... and it's CRAZY,RobertIDK,UgyqBSE9c2TvjejIdfd4AaABAg,Let’s just appreciate how hard this man works to make all of us happy,XxEmilyxX,0
0LUkdyINvbc,I Watched Haminations New Video... and it's CRAZY,RobertIDK,UgwCAa89m3u0ccl5Wrl4AaABAg,I watch them every day just to be entertained from the funny ness 😂,Melissa Mcneese,0
0LUkdyINvbc,I Watched Haminations New Video... and it's CRAZY,RobertIDK,UgyIvAnSzyyy6eXMjDR4AaABAg,I love your channel and can we all appreciate how much effort he puts to make these videos for us.,Folashade Odejimi,0
0LUkdyINvbc,I Watched Haminations New Video... and it's CRAZY,RobertIDK,Ugx9nTzCYhQ6Nr0orDl4AaABAg,Can we appreciate how often Bo  uploads,Olivia,0
0LUkdyINvbc,I Watched Haminations New Video... and it's CRAZY,RobertIDK,UgwVGqK34w6kjpsW2mt4AaABAg,i always love seeing how animators quality improves over the years,maxwell,0
0LUkdyINvbc,I Watched Haminations New Video... and it's CRAZY,RobertIDK,UgzMzzMQcMixOTotMvB4AaABAg,"The fact that this video is number 9 in trending “during the time of writing this comment” is unbelievable, well done. 🎉🎉🎉🎉",Dynamity,0
0LUkdyINvbc,I Watched Haminations New Video... and it's CRAZY,RobertIDK,UgxG8VMybT9AXsf3CVR4AaABAg,"Still flabbergasted the last haminations vid got 1 MILLION VIEWS…then again, Robert deserves it ❤",Nugget AnimationZ,0
0LUkdyINvbc,I Watched Haminations New Video... and it's CRAZY,RobertIDK,UgwyuMsEmKiZU9JzPTF4AaABAg,Bryson will surely outlive his great-grandchildren's great-grandchildren,Abdul Abdul ,0
0LUkdyINvbc,I Watched Haminations New Video... and it's CRAZY,RobertIDK,Ugz5iFR7tz3YGX_KUER4AaABAg,the fact that nobody mentioned how much brysons animation quality has jumped is a crime.,TheBrandyLover,0
0LUkdyINvbc,I Watched Haminations New Video... and it's CRAZY,RobertIDK,UgyGl6FYy88CDWKksX14AaABAg,"This is a really amazing video! And I can't believe how much pain and suffering Brenner went through.
It seems like his pain and suffering was a lot for all of his family.",Burning Plays ,0
0LUkdyINvbc,I Watched Haminations New Video... and it's CRAZY,RobertIDK,UgyikdMvHVelVduiS8R4AaABAg,24:39 This was so funny 😂😂 I'm so sorry you had to go through that though :'0 that must've been awkward,Woof Tamer,0
0LUkdyINvbc,I Watched Haminations New Video... and it's CRAZY,RobertIDK,UgyW85iGqnw-jF36qTV4AaABAg,"I feel like most storytime animators has endured the worst injures in their lives 
Like:
James legs getting cut from standing on a glass tank 
Jaiden getting a gash at her chin when she was young 
Rebecca having here teeth pushed in when she was young 
And Adam has a jaw injury",the Normal commenter,0
0LUkdyINvbc,I Watched Haminations New Video... and it's CRAZY,RobertIDK,Ugx_t5KeBJ_-Mjb6Qo94AaABAg,And we just be in love with the effort and entertainment he puts deep inside of these videos,Josh King,0
0LUkdyINvbc,I Watched Haminations New Video... and it's CRAZY,RobertIDK,UgwRU2tkqELvBU4yC6N4AaABAg,I love the amount of effort you put into these videos thank you so much,Carey C,0
0LUkdyINvbc,I Watched Haminations New Video... and it's CRAZY,RobertIDK,Ugy01S9MXc_gdntFtlp4AaABAg,I love these Haminations videos and you making reaction videos to Haminations makes it 3X better,nor maziah bakri,0
0LUkdyINvbc,I Watched Haminations New Video... and it's CRAZY,RobertIDK,Ugw_qTFhNGkaclBZlM14AaABAg,19:15 I don’t think he had his family reenact that scene but it’s from “A Christmas Story” when Ralphie cusses and blames it on his friend. His mom then calls Ralphie’s friend’s mom who then screams “WHAT?!?” very loudly and beats her son all while on the phone.,Bionic,0
0LUkdyINvbc,I Watched Haminations New Video... and it's CRAZY,RobertIDK,UgzIYlnKJR18LodMKe14AaABAg,"All the voices of his family that aren’t memes were voiced by his real family, it’s really cool!",Jade,0
0LUkdyINvbc,I Watched Haminations New Video... and it's CRAZY,RobertIDK,UgzA74KNiMBzXe5oukR4AaABAg,This is my favourite video of haminations! Getting to hear nearly all of his family members voice was just top tier and the comedy etc!,Agames 2020,0
0LUkdyINvbc,I Watched Haminations New Video... and it's CRAZY,RobertIDK,Ugz7xLthSqXA1qIBAh14AaABAg,"3:32 - 4:01 Sounds like the opening to a horror movie.
"" *Little did he know his pain had just begun* """,BookWorld,0
0LUkdyINvbc,I Watched Haminations New Video... and it's CRAZY,RobertIDK,UgwBq8-F0gdH0LjoNGh4AaABAg,"I love your videos Robert! I have having a really hard time at school but when u watch your videos it all goes away, thank you ❤🙏",Foreveredits,0
0LUkdyINvbc,I Watched Haminations New Video... and it's CRAZY,RobertIDK,UgxcUky14GTw3Z8uxoh4AaABAg,"fun fact: bryson actually *did* get his mom to scream, and his entire family voiced themselves",-Bunu- [FUZZ],0
drvPVTMQ8fU,Film Theory: Mario is IMMORTAL! (Super Mario Movie),The Film Theorists,UgxcbxpYWhkdYaqeDVF4AaABAg,The fact “Peaches” might actually be able to get an OSCAR is absolutely lengendary.,ImDatRobloxBoi,0
drvPVTMQ8fU,Film Theory: Mario is IMMORTAL! (Super Mario Movie),The Film Theorists,UgxcbxpYWhkdYaqeDVF4AaABAg.9orIbOxPymK9oyMxmVHHmr,[MAIN] The fact “Peaches” might actually be able to get an OSCAR is absolutely lengendary. [REPLY] not peaches but bi**is,Xasden,0
drvPVTMQ8fU,Film Theory: Mario is IMMORTAL! (Super Mario Movie),The Film Theorists,UgxcbxpYWhkdYaqeDVF4AaABAg.9orIbOxPymK9oxRnDVEr0r,[MAIN] The fact “Peaches” might actually be able to get an OSCAR is absolutely lengendary. [REPLY] YEA,CamoEye,0
drvPVTMQ8fU,Film Theory: Mario is IMMORTAL! (Super Mario Movie),The Film Theorists,UgxcbxpYWhkdYaqeDVF4AaABAg.9orIbOxPymK9owoqoaIR8w,[MAIN] The fact “Peaches” might actually be able to get an OSCAR is absolutely lengendary. [REPLY] imagine loosing to a song that only had a total of like 5 different words-,lylamae :),0
drvPVTMQ8fU,Film Theory: Mario is IMMORTAL! (Super Mario Movie),The Film Theorists,UgxcbxpYWhkdYaqeDVF4AaABAg.9orIbOxPymK9owk6f6Odpi,[MAIN] The fact “Peaches” might actually be able to get an OSCAR is absolutely lengendary. [REPLY] ​@Jesus Christ Oooo,Joey Wickizer,0
drvPVTMQ8fU,Film Theory: Mario is IMMORTAL! (Super Mario Movie),The Film Theorists,UgxcbxpYWhkdYaqeDVF4AaABAg.9orIbOxPymK9owA7KWdsW8,[MAIN] The fact “Peaches” might actually be able to get an OSCAR is absolutely lengendary. [REPLY] You don’t watch the Oscar,Elijah Roderick,0
drvPVTMQ8fU,Film Theory: Mario is IMMORTAL! (Super Mario Movie),The Film Theorists,UgxcbxpYWhkdYaqeDVF4AaABAg.9orIbOxPymK9ow-BVD22jf,[MAIN] The fact “Peaches” might actually be able to get an OSCAR is absolutely lengendary. [REPLY] Meh,Josue Mendoza,0
drvPVTMQ8fU,Film Theory: Mario is IMMORTAL! (Super Mario Movie),The Film Theorists,UgxcbxpYWhkdYaqeDVF4AaABAg.9orIbOxPymK9ovU52BUlwm,[MAIN] The fact “Peaches” might actually be able to get an OSCAR is absolutely lengendary. [REPLY] So true amazing,Derby Michel,0
drvPVTMQ8fU,Film Theory: Mario is IMMORTAL! (Super Mario Movie),The Film Theorists,UgxcbxpYWhkdYaqeDVF4AaABAg.9orIbOxPymK9ouzTxvOChV,"[MAIN] The fact “Peaches” might actually be able to get an OSCAR is absolutely lengendary. [REPLY] I mean we are working with one half of Tenacious D, so I'm not entirely shocked lmao.",mav4031,0
drvPVTMQ8fU,Film Theory: Mario is IMMORTAL! (Super Mario Movie),The Film Theorists,UgyzRvbIGL__mBNPpLp4AaABAg,"The fact that Peach knows about the Dark Star in BIS and that she is the key to unlocking that power helps back up the claim that she has a close, family connection to the humanoid star beings known as the Star Sprites.",Charlotte Dictator,0
drvPVTMQ8fU,Film Theory: Mario is IMMORTAL! (Super Mario Movie),The Film Theorists,UgyRE-Mrcm1esGxjlvd4AaABAg,I love how this theory discusses Mario's immortality for like 3 minutes then the rest is other things,Jessy-Come Fast To Get Into My Body,0
drvPVTMQ8fU,Film Theory: Mario is IMMORTAL! (Super Mario Movie),The Film Theorists,UgxteF3m9IWYPARvLaB4AaABAg,"I felt that Peach's reason for bringing Mario with her made sense in hindsight.  Toad was literally the only Toad brave enough to go with her, meaning she was pretty much on her own for this adventure otherwise.  Then she meets another human like herself for the first time that wants to go to save his brother.  When Mario demanded to go, she gave him a day to complete a course to prove he wouldn't slow her down. She had already planned to head out to the Kong's island the next day.  So she didn't spend any extra time on him. 

Basically, ""Nobody else is going with me tomorrow, and then I meet the first-ever human aside from myself that wants to do it to save his brother. If he can complete this combat course showing he won't slow me down before I leave, he can come along.""",Reilen,0
drvPVTMQ8fU,Film Theory: Mario is IMMORTAL! (Super Mario Movie),The Film Theorists,UgwmBNyV2gKFKY0Do8x4AaABAg,"MatPat: ""Yeah, we're probably going to be seeing a bunch more tie-in movies for games in the coming years.""
Markiplier: ""Way ahead of you.""",James West,0
drvPVTMQ8fU,Film Theory: Mario is IMMORTAL! (Super Mario Movie),The Film Theorists,UgwHB6YA0yU-kN7sKo54AaABAg,"I almost verbally screamed when the dk rap came on, you’re not alone matpat XD",Come Fast To Get Into My Body,0
drvPVTMQ8fU,Film Theory: Mario is IMMORTAL! (Super Mario Movie),The Film Theorists,UgzxlIHe5pdp_av-YkR4AaABAg,"the reason mario isn't taking a lost of damage in the DK fight might be because Donkey Kong actually wasn't kidding when he said he let Mario win. He seemed to really enjoy being the center of attention in that fight, and helping win an even bigger one (against bowser) would only make him more popular. When he heard his dad would send the Kong army (and therefore Donkey Kong himself) if mario beat him in a fight, DK might have gone easy on mario so that he could see some real action. It sure didn't seem like there were many fights happening in the mushroom kingdom besides in the arena for DK, and it was pretty clear he liked action.",Tomorrow Never Happens,0
drvPVTMQ8fU,Film Theory: Mario is IMMORTAL! (Super Mario Movie),The Film Theorists,UgyDKaSM75w0IpgGISJ4AaABAg,Love how the video is edited even without movie clips,TimeBucks,0
drvPVTMQ8fU,Film Theory: Mario is IMMORTAL! (Super Mario Movie),The Film Theorists,UgwXktdCti3Ci8FnnQF4AaABAg,"What if, Peach IS a human, when peach traveled to the mushroom kingdom, the pipes were VERY powerful. But when Mario and Luigi came through the pipes, they were older, not as powerful as back then. Matpat you better see this",oscar_Legobuilder,0
drvPVTMQ8fU,Film Theory: Mario is IMMORTAL! (Super Mario Movie),The Film Theorists,UgwwIVV3tU-n1HvJ9-B4AaABAg,"Is anyone else thinking about the potential plot the 1-Up green mushroom could have. They showed the blue and red one, but not that one. Knowing that in the games it gives you an extra to your lives count, how it's utilized in the movie will be intriguing. I think it will be like a last resort should someone bit the dust in a battle.",Michelle Myers,0
drvPVTMQ8fU,Film Theory: Mario is IMMORTAL! (Super Mario Movie),The Film Theorists,UgzeQapZgUPwn54LpQB4AaABAg,This was SUCH an amazing film it’s definitely any Mario fan’s dream film,Charlotte Dictator,0
drvPVTMQ8fU,Film Theory: Mario is IMMORTAL! (Super Mario Movie),The Film Theorists,UgwQkQDB_LrE4pSx7VZ4AaABAg,The immortality aspect of the Mario world makes Lumalee's desire for death pretty interesting,sunncrussh,0
drvPVTMQ8fU,Film Theory: Mario is IMMORTAL! (Super Mario Movie),The Film Theorists,UgzMVfKFwGpCAwK7M214AaABAg,"I’m actually REALLY surprised he didn’t look at baby Rosina’s design, which also has big guys",Jessy-Come Fast To Get Into My Body,0
drvPVTMQ8fU,Film Theory: Mario is IMMORTAL! (Super Mario Movie),The Film Theorists,UgwbbDPc6Rqtllsan-d4AaABAg,"Hearing MatPat refer to Toads as ""Fungus people"" Was the funniest thing today",Doge dealwithit,0
drvPVTMQ8fU,Film Theory: Mario is IMMORTAL! (Super Mario Movie),The Film Theorists,Ugycs_4jkjzfmh64nch4AaABAg,"My family and I just watched the Mario movie a couple of days ago, and we loved it! One thing I did mention to them too is that they're trying to bring over 20 years (didn't know it was over 30!!) of Mario stuff within a 2 hour movie, and I think they did wonderfully with it, even with some weird odds in there.

I didn't even realize until you mentioned that Mario got bruised up in the real world when he didn't in the other world! I remember seeing this and just kind of thought that dang, Mario is really taking a beating, but I'm glad this was mentioned because it's been on my head since seeing the movie!!",BlueBun,0
drvPVTMQ8fU,Film Theory: Mario is IMMORTAL! (Super Mario Movie),The Film Theorists,UgxZzBovaqdsEf0GDS14AaABAg,I think it's safe to say that all of the star children are immortal.  Look at wario and bowser for example.,Dr. Metroid,0
drvPVTMQ8fU,Film Theory: Mario is IMMORTAL! (Super Mario Movie),The Film Theorists,UgzmirZlLs2Jo5erEpB4AaABAg,The scene with Peach and the fire flowers is the most beautiful in the entire movie in my opinion. She's my favorite character and they did really well on her costumes and design,Waffles,0
drvPVTMQ8fU,Film Theory: Mario is IMMORTAL! (Super Mario Movie),The Film Theorists,Ugx0NtckUHnBxk795154AaABAg,"We all just gonna ignore that Luigi single-handedly held off a Dry Bones army with a door, and blocked Bowser’s fire breath with a manhole cover? He might be a timid green guy, but he’s definitely not weak.",Clodster,0
drvPVTMQ8fU,Film Theory: Mario is IMMORTAL! (Super Mario Movie),The Film Theorists,UgzGDjuZhERMgM_WGgB4AaABAg,"I feel like with how fast paced the first movie was, your trilogy is gonna turn itself into 2 movies.",jacob page,0
drvPVTMQ8fU,Film Theory: Mario is IMMORTAL! (Super Mario Movie),The Film Theorists,Ugya_JYcSrDHops9njJ4AaABAg,"Maybe all the Mario games being omitted in universe is because they just haven’t been made yet. By the end of the movie, he becomes a celebrity of sorts and maybe that inspires the games to be made",Israel D. Pacheco,0
drvPVTMQ8fU,Film Theory: Mario is IMMORTAL! (Super Mario Movie),The Film Theorists,UgzpU8H630e_wP34d_t4AaABAg,"I think it's weird that King Boo appears during the wedding, but we never see another Boo in the entire movie. I think that's to hint at Luigi's Mansion in the future, and it would certainly balance out the brothers' screentimes.",The Legendary Bill Cipher,0
drvPVTMQ8fU,Film Theory: Mario is IMMORTAL! (Super Mario Movie),The Film Theorists,Ugx3Ii8eD2y3oTB3g-F4AaABAg,For Peach doing the obstacle course on her first time people seem to think that she did it without any training or practice.  She even says the Toads trained her when she os talking about her past. They wouldn't put her on the obstacle course first time. She did it with Mario because there wasn't much time and she needed to see how he was already.,adventwolf,0
drvPVTMQ8fU,Film Theory: Mario is IMMORTAL! (Super Mario Movie),The Film Theorists,UgzB0bhbr_KfAXZiVZ54AaABAg,"One of my most favorite YouTube channels of all time, right here! Please keep up the great work! Side note, could you imagine all the film theories a Mario film related to Mario RPG Legend of the Seven Stars would bring with it?!",Joshua Jaggers,0
drvPVTMQ8fU,Film Theory: Mario is IMMORTAL! (Super Mario Movie),The Film Theorists,UgzQoTjtYQAUBURndrx4AaABAg,"I would have loved to see Princess Daisy in this movie as well, perhaps in a future movie",SOUP2287,0
drvPVTMQ8fU,Film Theory: Mario is IMMORTAL! (Super Mario Movie),The Film Theorists,UgzM-VzzfiCDmg1KOZZ4AaABAg,"Actually when Peach does the obstacle course, it wasn’t her first try. Also. When Mario did the obstacle course, it was like watching a recording of my first time playing Mario.",BiggestPhangirl,0
drvPVTMQ8fU,Film Theory: Mario is IMMORTAL! (Super Mario Movie),The Film Theorists,Ugw_EJtYbpyL2-cRLj94AaABAg,"3:25 But... Mario DOES have a bruise after his fight with DK on his cheek. He's holding an ice pack to it and everything!

Granted, the bruise doesn't stay for long, but it does exist.",My Cow H20s,0
drvPVTMQ8fU,Film Theory: Mario is IMMORTAL! (Super Mario Movie),The Film Theorists,UgxvJbi2YW2mOYA7r-J4AaABAg,Let’s just all hope they have a good cast for the five nights at Freddy’s movie because I am going to watch that baby over and over again,Kidone Schrey,0
drvPVTMQ8fU,Film Theory: Mario is IMMORTAL! (Super Mario Movie),The Film Theorists,Ugw1QvkRk63xkuHwLeB4AaABAg,"When I went to see the movie, I knew instantly that Matt Pat was going to make a game theory on this",Lollicatdxx3,0
drvPVTMQ8fU,Film Theory: Mario is IMMORTAL! (Super Mario Movie),The Film Theorists,UgwC4Wkd6pGWktTzCQt4AaABAg,"I didn't know how impactful Super Mario Bros were in the early gaming years, holy crap.",Stella Pinkbird,0
drvPVTMQ8fU,Film Theory: Mario is IMMORTAL! (Super Mario Movie),The Film Theorists,Ugxx5TA992o4Sagen7R4AaABAg,Luigi just held off an entire horde of dry bones at the end with just his back against a door. That just shows how powerful he really is.,Brooke,0
drvPVTMQ8fU,Film Theory: Mario is IMMORTAL! (Super Mario Movie),The Film Theorists,Ugxrho4fFPAKeeMP9_94AaABAg,This movie is the first thing in years to bring back the feeling of going to the movies as a kid.,Dang Ol' Hunter,0
drvPVTMQ8fU,Film Theory: Mario is IMMORTAL! (Super Mario Movie),The Film Theorists,UgybZc0rkTPTjnbn79J4AaABAg,I haven’t watched the movie and i love the fact that there were basically no spoilers. Thanks editor guy,nobodycares,0
drvPVTMQ8fU,Film Theory: Mario is IMMORTAL! (Super Mario Movie),The Film Theorists,UgzEoPfmogQ45gOIZZp4AaABAg,"I just imagined matpat sitting down in the movie theater, having a notepad just writing down possible theories.",Samatar Salah,0
drvPVTMQ8fU,Film Theory: Mario is IMMORTAL! (Super Mario Movie),The Film Theorists,Ugyqb5w3_uwQAax99ZZ4AaABAg,Anyone else loved the music it worked great for the movie couldn’t pick any better songs to go with it,"Esi -Skyrim,fallout,call of duty",0
drvPVTMQ8fU,Film Theory: Mario is IMMORTAL! (Super Mario Movie),The Film Theorists,UgzjNFK0h9B0Kwz1LXx4AaABAg,Kid Icarus being the main series in the “Mario is real” timeline hopefully means we get more than that and Uprising here in the real world. It’s been too long for a game that good.,Bloodren03,0
drvPVTMQ8fU,Film Theory: Mario is IMMORTAL! (Super Mario Movie),The Film Theorists,UgxnRDTMohQCsiPo90p4AaABAg,"I like how math at says he “nailed it” calling the Mario movie a musical even though it
Only has like two scenes",TimiDak,0
drvPVTMQ8fU,Film Theory: Mario is IMMORTAL! (Super Mario Movie),The Film Theorists,UgwJ1GrsNW7IoT8Z5RF4AaABAg,"Your theory about Peach being a star is very interesting and made me think of a line of dialogue from Super Mario Galaxy, though I can’t remember it fully: “They (the citizens of the Mushroom kingdom) brought the star bits to the castle, where they became a star. It should’ve been a happy time for the kingdom.”  Could support your theory further off I’m right about the wording!",Horselover,0
drvPVTMQ8fU,Film Theory: Mario is IMMORTAL! (Super Mario Movie),The Film Theorists,UgxGcPXMKZVxQVyIU1J4AaABAg,The toads could have also just told peach she’s a human as to why she looks different from them while growing up,Dylan Gerding,0
drvPVTMQ8fU,Film Theory: Mario is IMMORTAL! (Super Mario Movie),The Film Theorists,Ugy4xrvoRcaz_oYwSbF4AaABAg,"Peach couldn't be Rosalia's mom, but Rosalia could be Peach's mom.",XskrillX DinoDragon,0
drvPVTMQ8fU,Film Theory: Mario is IMMORTAL! (Super Mario Movie),The Film Theorists,UgxLADdRzERljCsakuZ4AaABAg,"This was wonderful.  I’m a dad with kiddos who love video games as much as me…because I brainwashed them. And we couldn’t wait to watch the Mario movie…and then watch the game theory that would inevitably come out.  This channel has become a family thing, I love it. Keep it up!",Liam Whaley,0
drvPVTMQ8fU,Film Theory: Mario is IMMORTAL! (Super Mario Movie),The Film Theorists,UgwxkT9Jm9JVY2GAtht4AaABAg,"2:10 I was extremely hype when they played that song, too. So was my family! I didn't think anything of it when I saw, and pointed out to my family that no real names were credited to the DK Rap. Hopefully we can rectify that.",Squeebers,0
drvPVTMQ8fU,Film Theory: Mario is IMMORTAL! (Super Mario Movie),The Film Theorists,Ugx1Wd1os92lrGxoYOB4AaABAg,Cannot believe MatPat would end a theory by taking a jab at Kid Icarus. Our boy Pit needs all the support he can get.,ENWC,0
tdTO75LLs4c,How to Run a $10 Million Caviar Farm | WSJ Operating Costs,Wall Street Journal,Ugwamtv4BNRuoPVUTtF4AaABAg,"This man is farming what otherwise would be unsustainablely taken from the Caspian Sea.  No different from a steak, leatherbelt or handbag.  We need to thank him and his investors (?) for putting up their labor and calital.  Well done Sir!!  I hope you will be mega succesful.",Dutch Merchant,0
tdTO75LLs4c,How to Run a $10 Million Caviar Farm | WSJ Operating Costs,Wall Street Journal,Ugwamtv4BNRuoPVUTtF4AaABAg.9owT9x_GdyR9owxJ9v64qM,"[MAIN] This man is farming what otherwise would be unsustainablely taken from the Caspian Sea.  No different from a steak, leatherbelt or handbag.  We need to thank him and his investors (?) for putting up their labor and calital.  Well done Sir!!  I hope you will be mega succesful. [REPLY] Agreed this is great. I just wanted to call out that there are sustainable options for beef and leather as well. Regenerative ranching is sustainable and emissions are much lower than factory farms, though it's on consumers to adjust their purchasing decisions and pay the higher prices. It's harder to find leather that is sourced from regenerative cattle ranches, but beef is pretty straight forward.",DarkNStormyDaniels,0
tdTO75LLs4c,How to Run a $10 Million Caviar Farm | WSJ Operating Costs,Wall Street Journal,UgxYWTtKsRctR1yyiah4AaABAg,Well at least now I know caviar actually is worth its price,Sam Lui,0
tdTO75LLs4c,How to Run a $10 Million Caviar Farm | WSJ Operating Costs,Wall Street Journal,UgxBlCpUEk1q_y5gQuJ4AaABAg,Wow!..a nature piece..I love it..,Toni Calloway,0
tdTO75LLs4c,How to Run a $10 Million Caviar Farm | WSJ Operating Costs,Wall Street Journal,UgwpSjSQIsR6nco-CAd4AaABAg,"Upon further consideration, I have come to understand the reason behind the exorbitant cost of caviar.",Ronnian Abalos,0
tdTO75LLs4c,How to Run a $10 Million Caviar Farm | WSJ Operating Costs,Wall Street Journal,Ugw9Hfsmh5pE0tCEiKp4AaABAg,"Hey, nice piece and the farm is in the comments! Hi guys, look great. 👋",Thomas Durant,0
tdTO75LLs4c,How to Run a $10 Million Caviar Farm | WSJ Operating Costs,Wall Street Journal,UgyhGOpxhYKHsN99jz94AaABAg,"I'm not a caviar consumer, I've only had small amounts on sushi, but this video was very interesting.  It had a good ""How it's Made"" vibe.",kmzxtool,0
tdTO75LLs4c,How to Run a $10 Million Caviar Farm | WSJ Operating Costs,Wall Street Journal,UgwTNppfJxn0qy9Yoq14AaABAg,"The fact that the producers also get to determine the grade is suss af... what's to stop them from just ""creating"" a new ultra high premium grade thats actually just all the rejects and pricing it at 350/ounce?",Joshua Jones,0
tdTO75LLs4c,How to Run a $10 Million Caviar Farm | WSJ Operating Costs,Wall Street Journal,UgwTNppfJxn0qy9Yoq14AaABAg.9owTKMj3XiS9oxCSWxh1-c,"[MAIN] The fact that the producers also get to determine the grade is suss af... what's to stop them from just ""creating"" a new ultra high premium grade thats actually just all the rejects and pricing it at 350/ounce? [REPLY] @Joshua Jones If the consumer isn't happy, we can't survive. We grade very strictly because our existence depends on it.",Marshallberg Farm,0
tdTO75LLs4c,How to Run a $10 Million Caviar Farm | WSJ Operating Costs,Wall Street Journal,UgwTNppfJxn0qy9Yoq14AaABAg.9owTKMj3XiS9owl7crp3l9,"[MAIN] The fact that the producers also get to determine the grade is suss af... what's to stop them from just ""creating"" a new ultra high premium grade thats actually just all the rejects and pricing it at 350/ounce? [REPLY] my family business also requires grading the products we produce, the thing is we prelist the grade we think our delivery for that week then we deliver it then our 
buyer checks if it really is that grade. they can approve the grade or give it a below grade but we can dispute it though. it really is a matter of trust between the supplier and buyer",never mind,0
tdTO75LLs4c,How to Run a $10 Million Caviar Farm | WSJ Operating Costs,Wall Street Journal,UgwTNppfJxn0qy9Yoq14AaABAg.9owTKMj3XiS9owi7fGf3En,"[MAIN] The fact that the producers also get to determine the grade is suss af... what's to stop them from just ""creating"" a new ultra high premium grade thats actually just all the rejects and pricing it at 350/ounce? [REPLY] @Kaymish that's the thing for me though, why isn't there just independent grading in the first place?",Joshua Jones,0
tdTO75LLs4c,How to Run a $10 Million Caviar Farm | WSJ Operating Costs,Wall Street Journal,UgwTNppfJxn0qy9Yoq14AaABAg.9owTKMj3XiS9owhN_cZ8ve,"[MAIN] The fact that the producers also get to determine the grade is suss af... what's to stop them from just ""creating"" a new ultra high premium grade thats actually just all the rejects and pricing it at 350/ounce? [REPLY] People who know what is what will open the can eventually expecting ultra high grade gear and get trash. Then they will either sue or tell their mates who will never buy a can and eventually word will go around that the gear is all trash and no one will touch that caviar. Then it's an expensive process of rebranding and getting independent verification until the reputation is back.",Kaymish,0
tdTO75LLs4c,How to Run a $10 Million Caviar Farm | WSJ Operating Costs,Wall Street Journal,UgwAOzb72_6-rSj1jJN4AaABAg,Omg I'm really shocked.,Mandi,0
tdTO75LLs4c,How to Run a $10 Million Caviar Farm | WSJ Operating Costs,Wall Street Journal,UgzeqzwR0H1GZiHONXd4AaABAg,I wonder if it would be legal to sell human fertilized eggs as caviar.,Guardian of Fire,0
tdTO75LLs4c,How to Run a $10 Million Caviar Farm | WSJ Operating Costs,Wall Street Journal,Ugz4xovNWYsC_4BTS354AaABAg,Interesting,Anthony De Fazio Jr.,0
tdTO75LLs4c,How to Run a $10 Million Caviar Farm | WSJ Operating Costs,Wall Street Journal,UgyTkqP_B_LaGAt_HJp4AaABAg,Rarity of such kind dictates its value. Only elites could actually afford it to buy for their own satisfaction. 😃😂😛,Dodo Wakwak,0
tdTO75LLs4c,How to Run a $10 Million Caviar Farm | WSJ Operating Costs,Wall Street Journal,UgzkcjWZGI6OsnEdBx94AaABAg,Good to c his hard 😂work that makes d eggs 😮worthwhile 😅,Athaporn MCorp Review,0
tdTO75LLs4c,How to Run a $10 Million Caviar Farm | WSJ Operating Costs,Wall Street Journal,UgxX5IR1tlhjXGncNgF4AaABAg,wow marijuana,Arjun Chatterjee,0
tdTO75LLs4c,How to Run a $10 Million Caviar Farm | WSJ Operating Costs,Wall Street Journal,UgzvbrproH0sMmnF4454AaABAg,why not DNA test for gender instead of raise the males for 5 years?,MachoCamacho,0
tdTO75LLs4c,How to Run a $10 Million Caviar Farm | WSJ Operating Costs,Wall Street Journal,UgwqU0Dl3sIbjP-HzSt4AaABAg,Can you do DNA sampling to get the sex? I know DNA sampling has gotten very cheap these days,Scott Riley,0
tdTO75LLs4c,How to Run a $10 Million Caviar Farm | WSJ Operating Costs,Wall Street Journal,Ugxfp2HgfPRAISc-n6B4AaABAg,Cruelty have no limits,Gtr29e eee,0
tdTO75LLs4c,How to Run a $10 Million Caviar Farm | WSJ Operating Costs,Wall Street Journal,UgywzyWm1SclwX6Z1Jd4AaABAg,2:32 didn't know sturgeon could jump like that,Edward Phan,0
tdTO75LLs4c,How to Run a $10 Million Caviar Farm | WSJ Operating Costs,Wall Street Journal,UgyY87MU7AvOiYETmTB4AaABAg,"-> 🤔 Maybe We're The 1st Spiritist* Pop-Metal Or Rock Band In This World  
-> But Don't Pay Much Attention To Our Neanderthal English, Ha Ha Ha ❤ 
*NOTE:
-> Spiritist is who professes Spiritism, the Gospel continuation
It has began with the books by Allan Kardec and continued in the books by Francisco C. Xavier, the greatest and more important medium/prophet of spirits of the last centuries...",KARYTTAH - Rock Band,0
tdTO75LLs4c,How to Run a $10 Million Caviar Farm | WSJ Operating Costs,Wall Street Journal,Ugx78aDXe8LmN6mUVdx4AaABAg,why don't you DNA test them so yu don't have to wait 5 years,nelson ramon,0
tdTO75LLs4c,How to Run a $10 Million Caviar Farm | WSJ Operating Costs,Wall Street Journal,Ugx78aDXe8LmN6mUVdx4AaABAg.9ow9RsDtJSw9oxUjKLbcZ2,[MAIN] why don't you DNA test them so yu don't have to wait 5 years [REPLY] My same thought exactly,Scott Riley,0
tdTO75LLs4c,How to Run a $10 Million Caviar Farm | WSJ Operating Costs,Wall Street Journal,Ugx78aDXe8LmN6mUVdx4AaABAg.9ow9RsDtJSw9oxB7TCOA3j,[MAIN] why don't you DNA test them so yu don't have to wait 5 years [REPLY] @gamer for life NCSU is working on a practical DNA test for us. It would involve tagging the fish because the test isn't immediate like a pregnancy test.,Marshallberg Farm,0
tdTO75LLs4c,How to Run a $10 Million Caviar Farm | WSJ Operating Costs,Wall Street Journal,Ugx78aDXe8LmN6mUVdx4AaABAg.9ow9RsDtJSw9owevuzhlv4,[MAIN] why don't you DNA test them so yu don't have to wait 5 years [REPLY] Maybe it's too expensive for them? Like you would need to tag the fish and send the sample to a lab,gamer for life,0
tdTO75LLs4c,How to Run a $10 Million Caviar Farm | WSJ Operating Costs,Wall Street Journal,UgzkTb3spEq9OUjnnbl4AaABAg,he can colour dye any fish eggs and sell as caviar,Aurobindo Ghosh,0
tdTO75LLs4c,How to Run a $10 Million Caviar Farm | WSJ Operating Costs,Wall Street Journal,UgzkTb3spEq9OUjnnbl4AaABAg.9owNUx_7o689oxre6IhWsL,[MAIN] he can colour dye any fish eggs and sell as caviar [REPLY] @Michael H do you sell all sizes cartons of real juices ?,Aurobindo Ghosh,0
tdTO75LLs4c,How to Run a $10 Million Caviar Farm | WSJ Operating Costs,Wall Street Journal,UgzkTb3spEq9OUjnnbl4AaABAg.9owNUx_7o689oxbuPtPAlq,[MAIN] he can colour dye any fish eggs and sell as caviar [REPLY] @Aurobindo Ghosh go get some of the real stuff  - ignorants is not always bliss.,Michael H,0
tdTO75LLs4c,How to Run a $10 Million Caviar Farm | WSJ Operating Costs,Wall Street Journal,UgzkTb3spEq9OUjnnbl4AaABAg.9owNUx_7o689oxZAcOqqTf,[MAIN] he can colour dye any fish eggs and sell as caviar [REPLY] @Michael H selling caviar?,Aurobindo Ghosh,0
tdTO75LLs4c,How to Run a $10 Million Caviar Farm | WSJ Operating Costs,Wall Street Journal,UgzkTb3spEq9OUjnnbl4AaABAg.9owNUx_7o689oxKDxDV5oU,[MAIN] he can colour dye any fish eggs and sell as caviar [REPLY] You never had a scoop of - real- caviar otherwise you wouldn't say something like this.,Michael H,0
tdTO75LLs4c,How to Run a $10 Million Caviar Farm | WSJ Operating Costs,Wall Street Journal,UgzkTb3spEq9OUjnnbl4AaABAg.9owNUx_7o689oxAsSaqo-g,[MAIN] he can colour dye any fish eggs and sell as caviar [REPLY] @Marshallberg Farm Thats awesome! Thanks for the fast update :),Brock,0
tdTO75LLs4c,How to Run a $10 Million Caviar Farm | WSJ Operating Costs,Wall Street Journal,UgzkTb3spEq9OUjnnbl4AaABAg.9owNUx_7o689oxA8eXIVwR,[MAIN] he can colour dye any fish eggs and sell as caviar [REPLY] @Brock Hi! So far we have 1 out of 3 buildings equipped with solar panels. Planning on installing more!,Marshallberg Farm,0
tdTO75LLs4c,How to Run a $10 Million Caviar Farm | WSJ Operating Costs,Wall Street Journal,UgzkTb3spEq9OUjnnbl4AaABAg.9owNUx_7o689ox9xVFJnhJ,"[MAIN] he can colour dye any fish eggs and sell as caviar [REPLY] @Brock Hi! Yes, we did cover 1 out of 3 building so far. Looking to install more.",Marshallberg Farm,0
tdTO75LLs4c,How to Run a $10 Million Caviar Farm | WSJ Operating Costs,Wall Street Journal,UgzkTb3spEq9OUjnnbl4AaABAg.9owNUx_7o689ox8wQj8tS6,[MAIN] he can colour dye any fish eggs and sell as caviar [REPLY] @The Caviar Farm | Marshallberg Farm You have a lot of surface area on your buildings. Would be awesome if you had a solar array that powered your facility.,Brock,0
tdTO75LLs4c,How to Run a $10 Million Caviar Farm | WSJ Operating Costs,Wall Street Journal,UgxUa3KFXfTrmXwWGaB4AaABAg,Imagine having thalassophobia and inheriting that caviar farm...,potatomato :p,0
tdTO75LLs4c,How to Run a $10 Million Caviar Farm | WSJ Operating Costs,Wall Street Journal,UgxUa3KFXfTrmXwWGaB4AaABAg.9ow8A98ym-h9owYnmOykVX,[MAIN] Imagine having thalassophobia and inheriting that caviar farm... [REPLY] @Relaxing Music that's what my imagination is telling me.,potatomato :p,0
tdTO75LLs4c,How to Run a $10 Million Caviar Farm | WSJ Operating Costs,Wall Street Journal,UgxUa3KFXfTrmXwWGaB4AaABAg.9ow8A98ym-h9owWz-AcW96,[MAIN] Imagine having thalassophobia and inheriting that caviar farm... [REPLY] @potatomato :p thalassophobia is more how deep the ocean gets,Relaxing Music,0
tdTO75LLs4c,How to Run a $10 Million Caviar Farm | WSJ Operating Costs,Wall Street Journal,UgxUa3KFXfTrmXwWGaB4AaABAg.9ow8A98ym-h9owMA8Q1EyQ,[MAIN] Imagine having thalassophobia and inheriting that caviar farm... [REPLY] @Relaxing Music their pool looks like a dark ocean.,potatomato :p,0
tdTO75LLs4c,How to Run a $10 Million Caviar Farm | WSJ Operating Costs,Wall Street Journal,UgxUa3KFXfTrmXwWGaB4AaABAg.9ow8A98ym-h9owB9jq8Qw7,[MAIN] Imagine having thalassophobia and inheriting that caviar farm... [REPLY] Thalassophobia is the ocean hydrophobia is the water,Relaxing Music,0
tdTO75LLs4c,How to Run a $10 Million Caviar Farm | WSJ Operating Costs,Wall Street Journal,UgyaVJ9mR35p796kGyZ4AaABAg,"📌 *Trading Crypto has proven to be the greatest way to make profit even in the current dip. I’m so glad with the growth in my portfolio $56,900 bi-weekly profit, despite the financial instability all over the world.*",Jack Daniels,0
tdTO75LLs4c,How to Run a $10 Million Caviar Farm | WSJ Operating Costs,Wall Street Journal,UgyaVJ9mR35p796kGyZ4AaABAg.9owCvbQQiIy9owa85rM2uS,"[MAIN] 📌 *Trading Crypto has proven to be the greatest way to make profit even in the current dip. I’m so glad with the growth in my portfolio $56,900 bi-weekly profit, despite the financial instability all over the world.* [REPLY] *Thanks For Reaching Out, Kindly leave me a message directly*😂",Text †①⑨①⓪②①②⑥⑦⑦④,0
tdTO75LLs4c,How to Run a $10 Million Caviar Farm | WSJ Operating Costs,Wall Street Journal,UgyaVJ9mR35p796kGyZ4AaABAg.9owCvbQQiIy9owGj5HQ_nE,"[MAIN] 📌 *Trading Crypto has proven to be the greatest way to make profit even in the current dip. I’m so glad with the growth in my portfolio $56,900 bi-weekly profit, despite the financial instability all over the world.* [REPLY] A lot of people keeps talking about investments and how investment trade change their lives. I really need to engage myself in someway of earning more income and stop depending on the government",Emmy Brown,0
tdTO75LLs4c,How to Run a $10 Million Caviar Farm | WSJ Operating Costs,Wall Street Journal,UgyaVJ9mR35p796kGyZ4AaABAg.9owCvbQQiIy9owG7GBuWf0,"[MAIN] 📌 *Trading Crypto has proven to be the greatest way to make profit even in the current dip. I’m so glad with the growth in my portfolio $56,900 bi-weekly profit, despite the financial instability all over the world.* [REPLY] Laura's concept is key in beating all odds to excel in this form of online commodity. Her management team is quite impressive so far! With $4k I made a profit of over 28,863 dollar",David Arabb,0
tdTO75LLs4c,How to Run a $10 Million Caviar Farm | WSJ Operating Costs,Wall Street Journal,UgyaVJ9mR35p796kGyZ4AaABAg.9owCvbQQiIy9owFUkXk6Mv,"[MAIN] 📌 *Trading Crypto has proven to be the greatest way to make profit even in the current dip. I’m so glad with the growth in my portfolio $56,900 bi-weekly profit, despite the financial instability all over the world.* [REPLY] @Alan Bowen Please, How can reach her?? I want to invest please, think this is the opportunity I've been looking for",Gi Dior ,0
tdTO75LLs4c,How to Run a $10 Million Caviar Farm | WSJ Operating Costs,Wall Street Journal,UgyaVJ9mR35p796kGyZ4AaABAg.9owCvbQQiIy9owEZak-2KJ,"[MAIN] 📌 *Trading Crypto has proven to be the greatest way to make profit even in the current dip. I’m so glad with the growth in my portfolio $56,900 bi-weekly profit, despite the financial instability all over the world.* [REPLY] *I got Laura Ashley White  recommendations on ABC News in December 2022 and started following her lead and made $23,450 in two week. Lost my job in April 2022 and right now I'm back on top again and I always win with her guidance.*",weckmansalain,0
tdTO75LLs4c,How to Run a $10 Million Caviar Farm | WSJ Operating Costs,Wall Street Journal,UgyaVJ9mR35p796kGyZ4AaABAg.9owCvbQQiIy9owE4MKjY-M,"[MAIN] 📌 *Trading Crypto has proven to be the greatest way to make profit even in the current dip. I’m so glad with the growth in my portfolio $56,900 bi-weekly profit, despite the financial instability all over the world.* [REPLY] My first experience with Mrs  Laura Ashley gave me the assurance and confidence that has made me to invest without fear of losing, I really appreciate her efforts and transparency..",Charity King,0
tdTO75LLs4c,How to Run a $10 Million Caviar Farm | WSJ Operating Costs,Wall Street Journal,UgyaVJ9mR35p796kGyZ4AaABAg.9owCvbQQiIy9owDwh3kzhZ,"[MAIN] 📌 *Trading Crypto has proven to be the greatest way to make profit even in the current dip. I’m so glad with the growth in my portfolio $56,900 bi-weekly profit, despite the financial instability all over the world.* [REPLY] Quite impressive but HOW!!?😊 I know it's possible, my colleague at work got her first investment return of 40K after two weeks and she quit the job , I would appreciate if you show me how to go about it..",Malik Hargis,0
tdTO75LLs4c,How to Run a $10 Million Caviar Farm | WSJ Operating Costs,Wall Street Journal,UgwOA5uPrOcG6ORulmJ4AaABAg,bloodthirsty humans,Oleksii,0
s4GmkDut9FY,"ASMR | Fast & Aggressive Mouth Sounds, Hair Sounds & Hair Brushing ⚡️💜",April’s ASMR,Ugx6ypBru4pW09rCS554AaABAg,"Start speaking a new language in 3 weeks with Babbel! 🎉 Get 60% Off your subscription HERE: 
https://go.babbel.com/t?bsc=1200m60-youtube-aprilsasmr-apr-2023&btp=default&utm_term=generic_v1&utm_medium=paidsocial&utm_source=YouTube&utm_content=Influencer..aprilsasmr..USA..YouTube",April’s ASMR,0
s4GmkDut9FY,"ASMR | Fast & Aggressive Mouth Sounds, Hair Sounds & Hair Brushing ⚡️💜",April’s ASMR,UgwiekxzaYzC80eeGJJ4AaABAg,"7:14 - 7:29 is PEAK comedy lol. I needed that laugh 😂. Honestly, I needed this video, in general.",Charles Young Jr.,0
s4GmkDut9FY,"ASMR | Fast & Aggressive Mouth Sounds, Hair Sounds & Hair Brushing ⚡️💜",April’s ASMR,UgwiekxzaYzC80eeGJJ4AaABAg.9oxEf5CIcqR9oxFTy0tHv6,"[MAIN] 7:14 - 7:29 is PEAK comedy lol. I needed that laugh 😂. Honestly, I needed this video, in general. [REPLY] 🥹🫂",April’s ASMR,0
s4GmkDut9FY,"ASMR | Fast & Aggressive Mouth Sounds, Hair Sounds & Hair Brushing ⚡️💜",April’s ASMR,UgygFx8MANOk3VLZVk14AaABAg,What I love about April. She always knows EXACTLY what triggers I want,Lorenzo Hills,0
s4GmkDut9FY,"ASMR | Fast & Aggressive Mouth Sounds, Hair Sounds & Hair Brushing ⚡️💜",April’s ASMR,UgygFx8MANOk3VLZVk14AaABAg.9oxGG-GO-2o9oxH_EJv-M-,[MAIN] What I love about April. She always knows EXACTLY what triggers I want [REPLY] Same!!!,Deidre Smith,0
s4GmkDut9FY,"ASMR | Fast & Aggressive Mouth Sounds, Hair Sounds & Hair Brushing ⚡️💜",April’s ASMR,UgwCu1c4nga7lAsNINl4AaABAg,I’m so happy you did a longer lengthened video of hair brushing 🙏🏼 so relaxing 😍,jonny rose,0
s4GmkDut9FY,"ASMR | Fast & Aggressive Mouth Sounds, Hair Sounds & Hair Brushing ⚡️💜",April’s ASMR,UgyD-_SZSprqqmmqs9N4AaABAg,"Ngl, the triggers really helps me rejuvenate on the inside. You never fail to impress me April😌",TaeDaDon,0
s4GmkDut9FY,"ASMR | Fast & Aggressive Mouth Sounds, Hair Sounds & Hair Brushing ⚡️💜",April’s ASMR,Ugx2EhXLal8gc6SGEfx4AaABAg,"I've had the worst week I've ever had, but seeing you now just made me feel better",dvitoc,0
s4GmkDut9FY,"ASMR | Fast & Aggressive Mouth Sounds, Hair Sounds & Hair Brushing ⚡️💜",April’s ASMR,Ugxw50sX6wt9EipYxkp4AaABAg,This was truly exceptional April! So relaxing! Also babble.,Michael R3kacutioner,0
s4GmkDut9FY,"ASMR | Fast & Aggressive Mouth Sounds, Hair Sounds & Hair Brushing ⚡️💜",April’s ASMR,UgxZG2IZ-N8aoIY8Tdd4AaABAg,April is a pure goddess. Really love your bubbly vibe,Christopher Azzato,0
s4GmkDut9FY,"ASMR | Fast & Aggressive Mouth Sounds, Hair Sounds & Hair Brushing ⚡️💜",April’s ASMR,UgzMhiiyr3omqH_iQed4AaABAg,Thank you for the upload April!! I was needing a relaxing moment and you’re video came exactly on time!! CONGRATS ON YOUR TRAVELING TOO GREECE AND ITALY!! 💗💗💗💗 also I saw on your insta about tennis I hope you had fun with your game.,Blue_Dream,0
s4GmkDut9FY,"ASMR | Fast & Aggressive Mouth Sounds, Hair Sounds & Hair Brushing ⚡️💜",April’s ASMR,Ugxq7VUh-GeJhHm2wJ54AaABAg,"I’ve recently discovered I like hair sounds, and that they have been some of the only ones giving me tingles!! So thanks :3",Blue_Dream,0
s4GmkDut9FY,"ASMR | Fast & Aggressive Mouth Sounds, Hair Sounds & Hair Brushing ⚡️💜",April’s ASMR,Ugxq7VUh-GeJhHm2wJ54AaABAg.9oxBFLfuzww9oxmIXgNsgK,"[MAIN] I’ve recently discovered I like hair sounds, and that they have been some of the only ones giving me tingles!! So thanks :3 [REPLY] And too me it feels the same as when you scratch a chalk board 😂😖. I literally stopped stopped after 20 seconds haha.",Vwall007ST,0
s4GmkDut9FY,"ASMR | Fast & Aggressive Mouth Sounds, Hair Sounds & Hair Brushing ⚡️💜",April’s ASMR,Ugyi4S3CShYIiArMmMd4AaABAg,"this video is very nice, i appreciate the effort you put into it",aaron,0
s4GmkDut9FY,"ASMR | Fast & Aggressive Mouth Sounds, Hair Sounds & Hair Brushing ⚡️💜",April’s ASMR,UgytZOsbi2vJHPtmfLZ4AaABAg,Yes love this! Thank you for a great night sleep,MegaKangMan,0
s4GmkDut9FY,"ASMR | Fast & Aggressive Mouth Sounds, Hair Sounds & Hair Brushing ⚡️💜",April’s ASMR,UgwTyWKh5nLSNPwTknR4AaABAg,11:10 is unexpectedly satisfying,Mac,0
s4GmkDut9FY,"ASMR | Fast & Aggressive Mouth Sounds, Hair Sounds & Hair Brushing ⚡️💜",April’s ASMR,UgwTyWKh5nLSNPwTknR4AaABAg.9oxG4RTInYI9oxGh3JAKLv,[MAIN] 11:10 is unexpectedly satisfying [REPLY] Hair play is my fav 😅,April’s ASMR,0
s4GmkDut9FY,"ASMR | Fast & Aggressive Mouth Sounds, Hair Sounds & Hair Brushing ⚡️💜",April’s ASMR,UgzNkiVxPcLTnYVlsf14AaABAg,Right timing great video I’m so tired and my messed up sleeping schedule felt like insomnia I’m ready to sleep,Jupiter💫,0
s4GmkDut9FY,"ASMR | Fast & Aggressive Mouth Sounds, Hair Sounds & Hair Brushing ⚡️💜",April’s ASMR,UgxA2SbDj5lC4-SaUsV4AaABAg,Very tingly 🤩,D4rkKnight,0
s4GmkDut9FY,"ASMR | Fast & Aggressive Mouth Sounds, Hair Sounds & Hair Brushing ⚡️💜",April’s ASMR,Ugwbzss0OPdj1U9hvDt4AaABAg,I LOVED this. The sound of hair is so relaxing for some reason. Maybe because it reminds me of when I get head scratchies.,Summit313,0
s4GmkDut9FY,"ASMR | Fast & Aggressive Mouth Sounds, Hair Sounds & Hair Brushing ⚡️💜",April’s ASMR,UgxVstvafYdyVJwVL394AaABAg,"Girl, you are stunning! Your ASMR style is lovely! ",Zuzi ASMR,0
s4GmkDut9FY,"ASMR | Fast & Aggressive Mouth Sounds, Hair Sounds & Hair Brushing ⚡️💜",April’s ASMR,UgxjB0vOjRHJ0u_f_R54AaABAg,lovely hair tingles!!! serious tingles lets get it!,Giorgi,0
s4GmkDut9FY,"ASMR | Fast & Aggressive Mouth Sounds, Hair Sounds & Hair Brushing ⚡️💜",April’s ASMR,UgybB-0-Z7QImRvMQYV4AaABAg,nice cozy content thanks april <3,Michael Atkin,0
s4GmkDut9FY,"ASMR | Fast & Aggressive Mouth Sounds, Hair Sounds & Hair Brushing ⚡️💜",April’s ASMR,UgyvwmJcapuMKfyqUIt4AaABAg,Thank you for this video😊 Hair looks frickin amazing btw❤️,Cody White,0
s4GmkDut9FY,"ASMR | Fast & Aggressive Mouth Sounds, Hair Sounds & Hair Brushing ⚡️💜",April’s ASMR,UgxdMiUl14R7BH-696N4AaABAg,please do more SOFT SPOKEN ❤ your hair sounds are the best 😍😍😍,baby elf,0
s4GmkDut9FY,"ASMR | Fast & Aggressive Mouth Sounds, Hair Sounds & Hair Brushing ⚡️💜",April’s ASMR,UgxC2h0-NJnJEncImU14AaABAg,Babbel 😭♥️♥️♥️this was soooo good! Love it 💕,Emily Christine,0
s4GmkDut9FY,"ASMR | Fast & Aggressive Mouth Sounds, Hair Sounds & Hair Brushing ⚡️💜",April’s ASMR,UgxnbJAaH2uiWwPB44V4AaABAg,I own two businesses so I work a lot i just wanted to say thanks for all your videos you help me get the rest i need when I do sleep 🙏🏾,Kameron,0
s4GmkDut9FY,"ASMR | Fast & Aggressive Mouth Sounds, Hair Sounds & Hair Brushing ⚡️💜",April’s ASMR,UgzBq6pU5MmITqHs20l4AaABAg,7 day old hair??? your hair looks literally gorgeous!!,Agatha Tkachova,0
s4GmkDut9FY,"ASMR | Fast & Aggressive Mouth Sounds, Hair Sounds & Hair Brushing ⚡️💜",April’s ASMR,Ugy6Dnqkg4jidX0WLPd4AaABAg,Love your amazing videos 🥰,Jawhar Amir,0
s4GmkDut9FY,"ASMR | Fast & Aggressive Mouth Sounds, Hair Sounds & Hair Brushing ⚡️💜",April’s ASMR,UgzY-SoJm218oHnXW894AaABAg,April is the funniest asmrtist by far on yt😂😂😂,StarDragon554,0
s4GmkDut9FY,"ASMR | Fast & Aggressive Mouth Sounds, Hair Sounds & Hair Brushing ⚡️💜",April’s ASMR,UgxA3w-QcEwsNnxAdth4AaABAg,you speaking italian is a vibe ❤🇮🇹✨,baby elf,0
s4GmkDut9FY,"ASMR | Fast & Aggressive Mouth Sounds, Hair Sounds & Hair Brushing ⚡️💜",April’s ASMR,Ugyzis66GnPEGYt8C3V4AaABAg,April I'm missing your videos ❤.......the wait for your videos  are absolutely  worth it❤😂,Eman City Productions,0
s4GmkDut9FY,"ASMR | Fast & Aggressive Mouth Sounds, Hair Sounds & Hair Brushing ⚡️💜",April’s ASMR,UgxV57---ucm9nrthLx4AaABAg,hi april i love ur asmr style thx,cc r,0
s4GmkDut9FY,"ASMR | Fast & Aggressive Mouth Sounds, Hair Sounds & Hair Brushing ⚡️💜",April’s ASMR,UgzM1HAMW5iB5FCJLYN4AaABAg,"April, Tiptoe, Beebee, AmberCourt, and Rebecca would be an insane collab",Nicholas Stehl,0
s4GmkDut9FY,"ASMR | Fast & Aggressive Mouth Sounds, Hair Sounds & Hair Brushing ⚡️💜",April’s ASMR,UgyaSXZDXm47DKvcUZ54AaABAg,Why does your hair make such good sounds 🤌✨,Aliah Mohaziz,0
s4GmkDut9FY,"ASMR | Fast & Aggressive Mouth Sounds, Hair Sounds & Hair Brushing ⚡️💜",April’s ASMR,Ugw3eeusC00riHSYRxl4AaABAg,Thank you for uploading April !,Christian Gonzalez,0
s4GmkDut9FY,"ASMR | Fast & Aggressive Mouth Sounds, Hair Sounds & Hair Brushing ⚡️💜",April’s ASMR,UgyP5inGS5UwrG0Lw5R4AaABAg,"April I just want to say That you are amazing my girlfriend mom is tryna take her prom away and I’ve just been trying to think of things to do to release stress, like cleaning and etc. My girlfriend was telling me how she gonna return her prom dress 😢.  It’s a lot and I really appreciate you . if there wasn’t a day I said thank you. THANK YOU 😊❤",YuhBoiDarion,0
s4GmkDut9FY,"ASMR | Fast & Aggressive Mouth Sounds, Hair Sounds & Hair Brushing ⚡️💜",April’s ASMR,UgyP5inGS5UwrG0Lw5R4AaABAg.9oxHUd0zcjB9oxSJUyoNpA,"[MAIN] April I just want to say That you are amazing my girlfriend mom is tryna take her prom away and I’ve just been trying to think of things to do to release stress, like cleaning and etc. My girlfriend was telling me how she gonna return her prom dress 😢.  It’s a lot and I really appreciate you . if there wasn’t a day I said thank you. THANK YOU 😊❤ [REPLY] bro literally no one asked lmao, like this youtube bro no one wanna know allat🤣",King B,0
s4GmkDut9FY,"ASMR | Fast & Aggressive Mouth Sounds, Hair Sounds & Hair Brushing ⚡️💜",April’s ASMR,Ugw8Ap8wV3XQ9g9JfkV4AaABAg,"Thanks for the hair care tips! My dandruff hair needed it, stink! Lol! 😭💗",Blue_Dream,0
s4GmkDut9FY,"ASMR | Fast & Aggressive Mouth Sounds, Hair Sounds & Hair Brushing ⚡️💜",April’s ASMR,UgyHf8-q5WiwA9FMfH54AaABAg,"Great job, April!!",Daniel Oliastro,0
s4GmkDut9FY,"ASMR | Fast & Aggressive Mouth Sounds, Hair Sounds & Hair Brushing ⚡️💜",April’s ASMR,Ugx0c1-BJQSvifyxAVt4AaABAg,We just gonna comment babbel for the one time but i got tingles throughout this whole vid🥹,StevieDaReaper,0
s4GmkDut9FY,"ASMR | Fast & Aggressive Mouth Sounds, Hair Sounds & Hair Brushing ⚡️💜",April’s ASMR,UgyhVsJJKqOrA-vUmMt4AaABAg,We gonna need you to start making 60 minute vids 🙏🏾,Ronnie Ruger 🔫,0
s4GmkDut9FY,"ASMR | Fast & Aggressive Mouth Sounds, Hair Sounds & Hair Brushing ⚡️💜",April’s ASMR,UgxFyiOlq9BAqPYkdat4AaABAg,Another magnificent video from the Goddess!! 😘👏💯🌹💗❤💕,Junior Chaves o Picasso de Yahushua,0
s4GmkDut9FY,"ASMR | Fast & Aggressive Mouth Sounds, Hair Sounds & Hair Brushing ⚡️💜",April’s ASMR,Ugz7iaqYcajABsaaqkh4AaABAg,Muy bueno!!😊😊,ISIS ASMR,0
s4GmkDut9FY,"ASMR | Fast & Aggressive Mouth Sounds, Hair Sounds & Hair Brushing ⚡️💜",April’s ASMR,UgzmZrMglT_5p_5cXop4AaABAg,We need your hair routine it looks amazing,Saudi.riytta,0
s4GmkDut9FY,"ASMR | Fast & Aggressive Mouth Sounds, Hair Sounds & Hair Brushing ⚡️💜",April’s ASMR,UgzKov8ZfWAN3jVUqhd4AaABAg,Love this! And nice shout-out to Barbara at the end!!!,ASMR Musings,0
s4GmkDut9FY,"ASMR | Fast & Aggressive Mouth Sounds, Hair Sounds & Hair Brushing ⚡️💜",April’s ASMR,UgzuWYQFeRV4nL2pK3h4AaABAg,Another magnificent video from the goddess April buckles 😘😘😘,Martavis Miles,0
s4GmkDut9FY,"ASMR | Fast & Aggressive Mouth Sounds, Hair Sounds & Hair Brushing ⚡️💜",April’s ASMR,Ugz_U6OPk0jgukSH66d4AaABAg,W video as always❤,Batman,0
s4GmkDut9FY,"ASMR | Fast & Aggressive Mouth Sounds, Hair Sounds & Hair Brushing ⚡️💜",April’s ASMR,UgzqSq_t94L3g4BEqhV4AaABAg,This hair is majestic,Quarkmüller,0
s4GmkDut9FY,"ASMR | Fast & Aggressive Mouth Sounds, Hair Sounds & Hair Brushing ⚡️💜",April’s ASMR,Ugwjy4tRax0nKqx-cap4AaABAg,Babbel😂 this video cracked me up ily😩,Gi Symone,0
